light {
4 6 -1
1 1 1
}


# posValues
# color
# phongExp, specCol, reflectiveness

# Floor
plane {
0 1 0
0 -1 0
0.8 0.8 0.8
1000 0 0
}

# Back wall
plane {
0 0 1
0 0 -12
0 0.3 1
2 0 0
}


triangle {
0 -1 -5.8
0 0.6 -5
0.4 -1 -5.693
0 1 0.2
128 0.8 0
}
triangle {
0.4 -1 -5.693
0 0.6 -5
0.6928 -1 -5.4
0 1 0.2
128 0.8 0
}
triangle {
0.6928 -1 -5.4
0 0.6 -5
0.8 -1 -5
0 1 0.2
128 0.8 0
}
triangle {
0.8 -1 -5
0 0.6 -5
0.6928 -1 -4.6
0 1 0.2
128 0.8 0
}
triangle {
0.6928 -1 -4.6
0 0.6 -5
0.4 -1 -4.307
0 1 0.2
128 0.8 0
}
triangle {
0.4 -1 -4.307
0 0.6 -5
0 -1 -4.2
0 1 0.2
128 0.8 0
}
triangle {
0 -1 -4.2
0 0.6 -5
-0.4 -1 -4.307
0 1 0.2
128 0.8 0
}
triangle {
-0.4 -1 -4.307
0 0.6 -5
-0.6928 -1 -4.6
0 1 0.2
128 0.8 0
}
triangle {
-0.6928 -1 -4.6
0 0.6 -5
-0.8 -1 -5
0 1 0.2
128 0.8 0
}
triangle {
-0.8 -1 -5
0 0.6 -5
-0.6928 -1 -5.4
0 1 0.2
128 0.8 0
}
triangle {
-0.6928 -1 -5.4
0 0.6 -5
-0.4 -1 -5.693
0 1 0.2
128 0.8 0
}
triangle {
-0.4 -1 -5.693
0 0.6 -5
0 -1 -5.8
0 1 0.2
128 0.8 0
}


triangle {
2 -1 -5.8
2 0.6 -5
2.4 -1 -5.693
0 1 0.2
128 0.8 0
}
triangle {
2.4 -1 -5.693
2 0.6 -5
2.6928 -1 -5.4
0 1 0.2
128 0.8 0
}
triangle {
2.6928 -1 -5.4
2 0.6 -5
2.8 -1 -5
0 1 0.2
128 0.8 0
}
triangle {
2.8 -1 -5
2 0.6 -5
2.6928 -1 -4.6
0 1 0.2
128 0.8 0
}
triangle {
2.6928 -1 -4.6
2 0.6 -5
2.4 -1 -4.307
0 1 0.2
128 0.8 0
}
triangle {
2.4 -1 -4.307
2 0.6 -5
2 -1 -4.2
0 1 0.2
128 0.8 0
}
triangle {
2 -1 -4.2
2 0.6 -5
1.6 -1 -4.307
0 1 0.2
128 0.8 0
}
triangle {
1.6 -1 -4.307
2 0.6 -5
1.3072 -1 -4.6
0 1 0.2
128 0.8 0
}
triangle {
1.3072 -1 -4.6
2 0.6 -5
1.2 -1 -5
0 1 0.2
128 0.8 0
}
triangle {
1.2 -1 -5
0 0.6 -5
1.3072 -1 -5.4
0 1 0.2
128 0.8 0
}
triangle {
1.3072 -1 -5.4
2 0.6 -5
1.6 -1 -5.693
0 1 0.2
128 0.8 0
}
triangle {
1.6 -1 -5.693
2 0.6 -5
2 -1 -5.8
0 1 0.2
128 0.8 0
}


