
light {
-3 -2.5 -10.5
.5 .5 .5
}


sphere {
1.2 4 -15.5
.5 1 0
0.7 0.7 0.7
1 0 1
}
sphere {
-1.2 4 -15.5
.5 1 0
0.7 0.7 0.7
1 0 1
}
sphere {
0.6 4 -14.3
.5 1 0
0.7 0.7 0.7
1 0 1
}
sphere {
0.6 4 -16.7
.5 1 0
0.7 0.7 0.7
1 0 1
}
sphere {
-0.6 4 -14.3
.5 1 0
0.7 0.7 0.7
1 0 1
}
sphere {
-0.6 4 -16.7
.5 1 0
0.7 0.7 0.7
1 0 1
}


sphere {
3.2 -8 -13.69
3.825 0 0
0.0 0.7 0.7
256 0 1
}

triangle {
0 4.5 -15.5
0.25 4 -15.75
-0.25 4 -15.75
0 1 1
512 1 0.7
}
triangle {
0 4.5 -15.5
-0.25 4 -15.25
0.25 4 -15.25
0 1 1
512 1 0.7
}
triangle {
0 4.5 -15.5
-0.25 4 -15.75
-0.25 4 -15.25
0 1 1
512 1 0.7
}
triangle {
0 4.5 -15.5
0.25 4 -15.75
0.25 4 -15.25
0 1 1
512 1 0.7
}
triangle {
0 3.5 -15.5
0.25 4 -15.75
-0.25 4 -15.75
0 1 1
512 1 0.7
}
triangle {
0 3.5 -15.5
-0.25 4.0 -15.25
0.25 4.0 -15.25
0 1 1
512 1 0.7
}
triangle {
0 3.5 -15.5
-0.25 4 -15.75
-0.25 4 -15.25
0 1 1
512 1 0.7
}
triangle {
0 3.5 -15.5
0.25 4 -15.75
0.25 4 -15.25
0 1 1
512 1 0.7
}


sphere {
4 -4.6 -19.089
1.0 0 0
0.4 0.2 0.5
64 1 0.2
}
sphere {
2.8 -4.6 -19.889
1.0 0 0
0.4 0.2 0.5
64 1 0.2
}
sphere {
4 2.3 -20
1.3 0 0
0.4 0.2 0.5
64 1 0.2
}
sphere {
-1.6 -3.825 -22.69
3.825 0 0
0.0 0.7 0.7
256 0 1
}
triangle {
5 -5 -20
4.9 -5 -20.5
4.9 2 -20.5
0.5 0.2 0.6
128 1 0.15
}
triangle {
4.9 -5 -20.5
4.5 -5 -20.9
4.5 2 -20.9
0.5 0.2 0.6
128 1 0.15
}
triangle {
4.5 -5 -20.9
4 -5 -21
4 2 -21
0.5 0.2 0.6
128 1 0.15
}

triangle {
4 -5 -21
3.5 -5 -20.9
3.5 2 -20.9
0.5 0.2 0.6
128 1 0.15
}
triangle {
3.5 -5 -20.9
3.1 -5 -20.5
3.1 2 -20.5
0.5 0.2 0.6
128 1 0.15
}
triangle {
3.1 -5 -20.5
3 -5 -20
3 2 -20
0.5 0.2 0.6
128 1 0.15
}

triangle {
3 -5 -20
3.1 -5 -19.5
3.1 2 -19.5
0.5 0.2 0.6
128 1 0.15
}
triangle {
3.1 -5 -19.5
3.5 -5 -19.1
3.5 2 -19.1
0.5 0.2 0.6
128 1 0.15
}
triangle {
3.5 -5 -19.1
4 -5 -19
4 2 -19
0.5 0.2 0.6
128 1 0.15
}

triangle {
4 -5 -19
4.5 -5 -19.1
4.5 2 -19.1
0.5 0.2 0.6
128 1 0.15
}
triangle {
4.5 -5 -19.1
4.9 -5 -19.5
4.9 2 -19.5
0.5 0.2 0.6
128 1 0.15
}
triangle {
4.9 -5 -19.5
5 -5 -20
5 2 -20
0.5 0.2 0.6
128 1 0.15
}



triangle {
4 2 -21
4.5 2 -20.9
4.5 -5 -20.9
0.5 0.2 0.6
128 1 0.15
}
triangle {
4.5 2 -20.9
4.9 2 -20.5
4.9 -5 -20.5
0.5 0.2 0.6
128 1 0.15
}
triangle {
4.9 2 -20.5
5 2 -20
5 -5 -20
0.5 0.2 0.6
128 1 0.15
}

triangle {
5 2 -20
4.9 2 -19.5
4.9 -5 -19.5
0.5 0.2 0.6
128 1 0.15
}
triangle {
4.9 2 -19.5
4.5 2 -19.1
4.5 -5 -19.1
0.5 0.2 0.6
128 1 0.15
}
triangle {
4.5 2 -19.1
4 2 -19
4 -5 -19
0.5 0.2 0.6
128 1 0.15
}

triangle {
4 2 -19
3.5 2 -19.1
3.5 -5 -19.1
0.5 0.2 0.6
128 1 0.15
}
triangle {
3.5 2 -19.1
3.1 2 -19.5
3.1 -5 -19.5
0.5 0.2 0.6
128 1 0.15
}
triangle {
3.1 2 -19.5
3 2 -20
3 -5 -20
0.5 0.2 0.6
128 1 0.15
}

triangle {
3 2 -20
3.1 2 -20.5
3.1 -5 -20.5
0.5 0.2 0.6
128 1 0.15
}
triangle {
3.1 2 -20.5
3.5 2 -20.9
3.5 -5 -20.9
0.5 0.2 0.6
128 1 0.15
}
triangle {
3.5 2 -20.9
4 2 -21
4 -5 -21
0.5 0.2 0.6
128 1 0.15
}


# Ceiling
triangle {
5.5 5.5 -21
5.5 5.5 -10
-5.5 5.5 -10
1 1 1
1 0 0
}
triangle {
-5.5 5.5 -21
5.5 5.5 -21
-5.5 5.5 -10
1 1 1
1 0 0
}


# Floor
triangle {
5.5 -5.5 -10
5.5 -5.5 -21
-5.5 -5.5 -21
1 1 1
1 0 0
}
triangle {
-5.5 -5.5 -10
5.5 -5.5 -10
-5.5 -5.5 -21
1 1 1
1 0 0
}

# Back wall
plane {
0 0 1
0 0 -21
0.5 0.5 0.5
1 0 0
}

